size   AS    LLS
BubbleSort
1000   15    1804
2000   84    14492
3000   184   51316
4000   332   127404
5000   519   258034
BubbleShakerSort
1000   15    2336
2000   85    18759
3000   169   67503
4000   284   167024
5000   447   337713
InsertionSort
1000   6     1535
2000   37    12449
3000   106   44123
4000   207   113979
5000   316   223761
SelectionSort
1000   15    1380
2000   68    10868
3000   84    40035
4000   176   98614
5000   238   195073
QuickSort
1000   22    1402
2000   100   11629
3000   184   43578
4000   363   107288
5000   532   214040
